# concentrations: 0.800000 0.200000
0.007469 0.000000 0.000000 0.000000 0.000000 
0.022407 0.000000 0.000000 0.000000 0.000000 
0.037345 0.000000 0.000000 0.000000 0.000000 
0.052283 0.000000 0.000000 0.000000 0.000000 
0.067221 0.000000 0.000000 0.000000 0.000000 
0.082159 0.000000 0.000000 0.000000 0.000000 
0.097097 0.000000 0.000000 0.000000 0.000000 
0.112035 0.000000 0.000000 0.000000 0.000000 
0.126973 0.000000 0.000000 0.000000 0.000000 
0.141911 0.000000 0.000000 0.000000 0.000000 
0.156849 0.000000 0.000000 0.000000 0.000000 
0.171787 0.000000 0.000000 0.000000 0.000000 
0.186725 0.000000 0.000000 0.000000 0.000000 
0.201663 0.000000 0.000000 0.000000 0.000000 
0.216601 0.000000 0.000000 0.000000 0.000000 
0.231539 0.000000 0.000000 0.000000 0.000000 
0.246477 0.000000 0.000000 0.000000 0.000000 
0.261415 0.000000 0.000000 0.000000 0.000000 
0.276353 0.000000 0.000000 0.000000 0.000000 
0.291291 0.000000 0.000000 0.000000 0.000000 
0.306229 0.000000 0.000000 0.000000 0.000000 
0.321167 0.000000 0.000000 0.000000 0.000000 
0.336105 0.000000 0.000000 0.000000 0.000000 
0.351043 0.000000 0.000000 0.000000 0.000000 
0.365981 0.000000 0.000000 0.000000 0.000000 
0.380919 0.000000 0.000000 0.000000 0.000000 
0.395857 0.000000 0.000000 0.000000 0.000000 
0.410795 0.000000 0.000000 0.000000 0.000000 
0.425733 0.000000 0.000000 0.000000 0.000000 
0.440671 0.000000 0.000000 0.000000 0.000000 
0.455609 0.000000 0.000000 0.000000 0.000000 
0.470547 0.000000 0.000000 0.000000 0.000000 
0.485485 0.000000 0.000000 0.000000 0.000000 
0.500423 0.000000 0.000000 0.000000 0.000000 
0.515361 0.000000 0.000000 0.000000 0.000000 
0.530299 0.000000 0.000000 0.000000 0.000000 
0.545237 0.000000 0.000000 0.000000 0.000000 
0.560175 0.000000 0.000000 0.000000 0.000000 
0.575113 0.000000 0.000000 0.000000 0.000000 
0.590051 0.000000 0.000000 0.000000 0.000000 
0.604989 0.000000 0.000000 0.000000 0.000000 
0.619927 0.000000 0.000000 0.000000 0.000000 
0.634865 0.000000 0.000000 0.000000 0.000000 
0.649803 0.000000 0.000000 0.000000 0.000000 
0.664741 0.000000 0.000000 0.000000 0.000000 
0.679679 0.000000 0.000000 0.000000 0.000000 
0.694617 0.000000 0.000599 0.000599 0.000000 
0.709555 0.000000 0.009472 0.009472 0.000000 
0.724493 0.000000 0.048178 0.048178 0.000000 
0.739431 0.000000 0.245263 0.245263 0.004234 
0.754369 0.000000 0.614254 0.614254 0.040679 
0.769307 0.000000 1.170276 1.170276 0.074319 
0.784245 0.000000 1.847185 1.847185 0.143029 
0.799183 0.000000 2.458198 2.458198 0.259153 
0.814121 0.000000 2.899716 2.899716 0.441832 
0.829059 0.000105 3.214539 3.214539 0.629819 
0.843997 0.000812 3.312128 3.312128 0.760466 
0.858935 0.007641 3.182651 3.182651 0.875447 
0.873873 0.039940 2.994920 2.994920 0.974610 
0.888811 0.131836 2.806199 2.806199 0.967035 
0.903749 0.316706 2.595485 2.595485 0.925411 
0.918687 0.651688 2.437287 2.437287 0.920248 
0.933625 1.099401 2.186842 2.186842 0.899004 
0.948563 1.562188 1.899286 1.899286 0.964822 
0.963501 2.023296 1.709318 1.709318 0.916434 
0.978439 2.393071 1.581901 1.581901 0.857230 
0.993377 2.675612 1.455015 1.455015 0.981781 
1.008315 2.801881 1.347701 1.347701 0.927864 
1.023253 2.801229 1.226936 1.226936 0.907604 
1.038191 2.747284 1.081811 1.081811 0.817240 
1.053129 2.619005 1.029190 1.029190 0.827618 
1.068067 2.439883 0.929919 0.929919 0.851305 
1.083005 2.324854 0.878940 0.878940 0.888182 
1.097943 2.124544 0.829293 0.829293 0.771999 
1.112881 1.942600 0.802163 0.802163 0.839266 
1.127819 1.807556 0.730840 0.730840 0.808081 
1.142757 1.643608 0.682977 0.682977 0.856230 
1.157695 1.487843 0.666005 0.666005 0.859322 
1.172633 1.385054 0.663752 0.663752 0.792112 
1.187571 1.243168 0.627999 0.627999 0.807602 
1.202509 1.149296 0.618989 0.618989 0.812477 
1.217447 1.050120 0.621734 0.621734 0.741119 
1.232385 0.982844 0.587724 0.587724 0.914556 
1.247323 0.936495 0.577446 0.577446 0.938165 
1.262261 0.862204 0.561321 0.561321 0.979295 
1.277199 0.816278 0.583436 0.583436 0.934525 
1.292137 0.780847 0.582228 0.582228 0.944240 
1.307075 0.736068 0.584729 0.584729 0.941074 
1.322013 0.708735 0.602761 0.602761 0.957678 
1.336951 0.674951 0.608447 0.608447 0.918912 
1.351889 0.643034 0.617689 0.617689 0.934818 
1.366827 0.637683 0.634428 0.634428 0.981411 
1.381765 0.605761 0.656358 0.656358 1.086407 
1.396703 0.620883 0.677654 0.677654 1.132715 
1.411641 0.612708 0.695223 0.695223 1.100157 
1.426579 0.607438 0.715604 0.715604 1.115345 
1.441517 0.606635 0.744522 0.744522 1.123543 
1.456455 0.611360 0.764480 0.764480 1.134991 
1.471393 0.611595 0.808842 0.808842 1.113132 
1.486331 0.628056 0.828119 0.828119 1.127547 
1.501269 0.640890 0.870132 0.870132 1.131926 
1.516207 0.652658 0.882678 0.882678 1.200867 
1.531145 0.686044 0.938459 0.938459 1.220011 
1.546083 0.703995 0.967022 0.967022 1.165559 
1.561021 0.730539 0.975289 0.975289 1.201310 
1.575959 0.751589 1.005355 1.005355 1.283506 
1.590897 0.771175 1.053872 1.053872 1.254018 
1.605835 0.798186 1.063841 1.063841 1.259983 
1.620773 0.833809 1.101917 1.101917 1.288859 
1.635711 0.855874 1.123579 1.123579 1.264993 
1.650649 0.890456 1.141310 1.141310 1.265567 
1.665587 0.922780 1.168436 1.168436 1.250896 
1.680525 0.951695 1.158348 1.158348 1.266464 
1.695463 0.976586 1.185030 1.185030 1.217267 
1.710401 0.977687 1.225722 1.225722 1.197680 
1.725339 1.009537 1.226823 1.226823 1.176253 
1.740277 1.043232 1.251849 1.251849 1.152325 
1.755215 1.057011 1.275052 1.275052 1.141436 
1.770153 1.087431 1.263493 1.263493 1.093809 
1.785091 1.095256 1.241437 1.241437 1.034532 
1.800029 1.101757 1.227474 1.227474 1.021362 
1.814967 1.122269 1.257406 1.257406 1.009890 
1.829905 1.150190 1.243737 1.243737 0.993123 
1.844843 1.155551 1.219558 1.219558 0.972004 
1.859781 1.167739 1.185799 1.185799 0.925999 
1.874719 1.177974 1.194566 1.194566 0.891210 
1.889657 1.199986 1.181258 1.181258 0.854485 
1.904595 1.191757 1.140015 1.140015 0.866661 
1.919533 1.198075 1.111869 1.111869 0.844743 
1.934471 1.211879 1.086770 1.086770 0.843810 
1.949409 1.211407 1.070369 1.070369 0.858037 
1.964347 1.207007 1.042692 1.042692 0.844737 
1.979285 1.215424 1.022881 1.022881 0.867490 
1.994223 1.194657 0.996887 0.996887 0.845222 
2.009161 1.204927 0.969676 0.969676 0.831853 
2.024099 1.183679 0.952227 0.952227 0.822150 
2.039037 1.173910 0.934935 0.934935 0.846632 
2.053975 1.148930 0.921542 0.921542 0.840385 
2.068913 1.132906 0.912450 0.912450 0.863732 
2.083851 1.105902 0.891580 0.891580 0.886832 
2.098789 1.084343 0.892300 0.892300 0.872690 
2.113727 1.063214 0.886867 0.886867 0.914014 
2.128665 1.036924 0.864399 0.864399 0.903033 
2.143603 1.008554 0.862727 0.862727 0.918942 
2.158541 0.990905 0.884306 0.884306 0.927398 
2.173479 0.974929 0.857006 0.857006 0.905124 
2.188417 0.963597 0.861413 0.861413 0.939229 
2.203355 0.933842 0.873958 0.873958 0.912455 
2.218293 0.915388 0.862623 0.862623 0.985375 
2.233231 0.906472 0.865972 0.865972 0.959921 
2.248169 0.899686 0.875760 0.875760 1.019592 
2.263107 0.887326 0.894751 0.894751 1.009098 
2.278045 0.882245 0.900808 0.900808 1.007968 
2.292983 0.875626 0.902562 0.902562 1.016657 
2.307921 0.870380 0.901349 0.901349 1.048973 
2.322859 0.871143 0.920498 0.920498 1.120889 
2.337797 0.861805 0.919733 0.919733 1.038854 
2.352735 0.868575 0.935227 0.935227 1.082357 
2.367673 0.871846 0.947555 0.947555 1.069998 
2.382611 0.874086 0.977850 0.977850 1.079851 
2.397549 0.885674 0.978364 0.978364 1.070683 
2.412487 0.889243 1.001080 1.001080 1.115720 
2.427425 0.896230 1.000266 1.000266 1.039579 
2.442363 0.906514 1.001642 1.001642 1.073261 
2.457301 0.912693 1.007921 1.007921 1.072730 
2.472239 0.912456 1.035199 1.035199 1.067553 
2.487177 0.932353 1.045290 1.045290 1.080233 
2.502115 0.945841 1.045871 1.045871 1.106922 
2.517053 0.953931 1.042589 1.042589 1.066252 
2.531991 0.963471 1.051991 1.051991 1.089982 
2.546929 0.983066 1.058867 1.058867 1.087048 
2.561867 0.983312 1.067137 1.067137 1.069663 
2.576805 0.997117 1.080921 1.080921 1.045252 
2.591743 1.010420 1.069955 1.069955 1.050659 
2.606681 1.018940 1.068366 1.068366 1.035398 
2.621619 1.032479 1.068963 1.068963 1.028533 
2.636557 1.042974 1.064996 1.064996 1.049032 
2.651495 1.039198 1.077650 1.077650 1.048458 
2.666433 1.047069 1.072869 1.072869 1.021586 
2.681371 1.045705 1.079396 1.079396 1.018462 
2.696309 1.053013 1.069559 1.069559 1.006237 
2.711247 1.068291 1.068596 1.068596 1.001967 
2.726185 1.071478 1.047626 1.047626 0.979475 
2.741123 1.072027 1.047603 1.047603 1.000425 
2.756061 1.068613 1.051823 1.051823 0.999042 
2.770999 1.064679 1.052744 1.052744 0.991029 
2.785937 1.069460 1.035268 1.035268 0.943876 
2.800875 1.068050 1.027495 1.027495 0.943441 
2.815813 1.072000 1.029036 1.029036 0.987312 
2.830751 1.052832 1.011890 1.011890 0.978091 
2.845689 1.070378 1.020765 1.020765 0.938817 
2.860627 1.054874 1.002784 1.002784 0.976439 
2.875565 1.053890 0.991975 0.991975 0.956506 
2.890503 1.048630 0.991969 0.991969 0.963701 
2.905441 1.048964 0.983560 0.983560 0.980403 
2.920379 1.042327 0.987349 0.987349 0.974758 
2.935317 1.040545 0.968101 0.968101 0.960547 
2.950255 1.035474 0.969927 0.969927 0.965489 
2.965193 1.031372 0.968069 0.968069 0.986576 
2.980131 1.017909 0.958127 0.958127 0.955872 
2.995069 1.007966 0.954845 0.954845 0.982734 
3.010007 0.995896 0.955215 0.955215 0.982602 
3.024945 0.994433 0.964567 0.964567 0.948112 
3.039883 0.996393 0.954093 0.954093 1.005095 
3.054821 0.992914 0.954820 0.954820 1.003583 
3.069759 0.994419 0.953555 0.953555 0.965727 
3.084697 0.974390 0.952330 0.952330 0.996646 
3.099635 0.972619 0.950498 0.950498 0.995030 
3.114573 0.976566 0.948225 0.948225 1.007209 
3.129511 0.968041 0.956399 0.956399 0.997396 
3.144449 0.959157 0.965602 0.965602 1.031710 
3.159387 0.958791 0.960432 0.960432 1.030806 
3.174325 0.959679 0.966055 0.966055 1.022490 
3.189263 0.956331 0.970268 0.970268 1.039108 
3.204201 0.957503 0.969182 0.969182 1.036448 
3.219139 0.958540 0.980566 0.980566 1.019575 
3.234077 0.959734 0.974072 0.974072 1.037087 
3.249015 0.961780 0.982972 0.982972 1.043236 
3.263953 0.962306 0.996270 0.996270 1.025033 
3.278891 0.963613 0.997130 0.997130 1.026680 
3.293829 0.962263 0.997086 0.997086 1.019006 
3.308767 0.964980 1.000878 1.000878 0.980417 
3.323705 0.974333 1.008439 1.008439 0.996158 
3.338643 0.967564 0.994947 0.994947 1.026605 
3.353581 0.969872 1.012794 1.012794 1.047138 
3.368519 0.973019 1.015328 1.015328 1.041935 
3.383457 0.985430 1.026596 1.026596 1.021447 
3.398395 0.988823 1.012882 1.012882 1.027805 
3.413333 0.989465 1.015252 1.015252 1.022720 
3.428271 0.986816 1.029486 1.029486 1.008197 
3.443209 0.999370 1.021065 1.021065 1.024771 
3.458147 1.000264 1.019992 1.019992 1.005951 
3.473085 1.001586 1.025258 1.025258 1.013838 
3.488023 1.002747 1.021361 1.021361 1.037409 
3.502961 1.009514 1.031527 1.031527 1.026710 
3.517899 1.016729 1.028841 1.028841 1.019957 
3.532837 1.012340 1.025131 1.025131 1.010160 
3.547775 1.021119 1.037556 1.037556 1.000000 
3.562713 1.021428 1.025793 1.025793 0.987727 
3.577651 1.023301 1.019306 1.019306 1.004168 
3.592589 1.025560 1.019933 1.019933 1.001501 
3.607527 1.027826 1.014830 1.014830 0.996410 
3.622465 1.025326 1.029014 1.029014 0.995635 
3.637403 1.023209 1.021732 1.021732 0.992707 
3.652341 1.029361 1.016506 1.016506 0.968306 
3.667279 1.032353 1.008773 1.008773 0.990283 
3.682217 1.029464 1.012004 1.012004 1.007977 
3.697155 1.029336 1.016629 1.016629 0.970025 
3.712093 1.023996 1.003561 1.003561 0.973001 
3.727031 1.022692 1.003257 1.003257 0.981951 
3.741969 1.021120 1.007054 1.007054 0.971828 
3.756907 1.014746 0.991643 0.991643 0.974679 
3.771845 1.011419 0.996456 0.996456 0.968616 
3.786783 1.013202 0.994288 0.994288 0.981881 
3.801721 1.008447 0.995974 0.995974 0.965706 
3.816659 1.007827 0.997254 0.997254 0.967602 
3.831597 1.009667 0.989326 0.989326 1.006432 
3.846535 1.006575 0.984808 0.984808 0.984877 
3.861473 0.996455 0.981336 0.981336 0.979507 
3.876411 0.996329 0.994229 0.994229 0.997794 
3.891349 1.006019 0.979609 0.979609 0.992272 
3.906287 1.002301 0.985093 0.985093 0.997458 
3.921225 0.996153 0.989183 0.989183 0.997686 
3.936163 0.997341 0.985175 0.985175 1.012034 
3.951101 0.992127 0.981454 0.981454 1.002971 
3.966039 0.994168 0.982423 0.982423 0.996623 
3.980977 0.995634 0.981614 0.981614 0.996081 
3.995915 0.992342 0.985773 0.985773 1.004450 
4.010853 0.986583 0.988907 0.988907 0.993616 
4.025791 0.984658 0.989972 0.989972 1.010468 
4.040729 0.984071 0.980949 0.980949 1.006272 
4.055667 0.981392 0.991698 0.991698 1.005456 
4.070605 0.982700 0.985528 0.985528 0.998890 
4.085543 0.987517 0.991165 0.991165 0.974193 
4.100481 0.985463 0.994442 0.994442 0.996711 
4.115419 0.990829 0.990762 0.990762 1.004833 
4.130357 0.986367 0.997244 0.997244 0.994489 
4.145295 0.986539 0.993198 0.993198 1.003299 
4.160233 0.990053 0.990771 0.990771 1.013630 
4.175171 0.983514 0.989789 0.989789 1.015720 
4.190109 0.985343 0.995500 0.995500 1.013138 
4.205047 0.987171 0.999179 0.999179 1.027097 
4.219985 0.985232 1.007909 1.007909 1.028288 
4.234923 0.989651 0.997500 0.997500 1.003782 
4.249861 0.994662 1.005269 1.005269 1.011574 
4.264799 0.994486 1.005827 1.005827 1.021683 
4.279737 0.996900 1.010029 1.010029 1.006474 
4.294675 0.996208 1.009760 1.009760 1.007235 
4.309613 0.994455 1.009363 1.009363 1.016500 
4.324551 1.000922 1.009356 1.009356 1.014504 
4.339489 1.005243 1.008236 1.008236 1.022406 
4.354427 1.000628 1.010733 1.010733 0.996447 
4.369365 1.002847 1.014077 1.014077 1.022357 
4.384303 1.008028 1.008412 1.008412 1.027145 
4.399241 1.012043 1.013321 1.013321 1.022334 
4.414179 1.012294 1.012167 1.012167 1.012127 
4.429117 1.013177 1.010370 1.010370 1.010182 
4.444055 1.010282 1.009048 1.009048 0.982010 
4.458993 1.006259 1.003495 1.003495 0.986355 
4.473931 1.010238 1.019997 1.019997 0.979694 
4.488869 1.007791 1.009197 1.009197 0.984329 
4.503807 1.017561 1.008177 1.008177 0.987740 
4.518745 1.005354 1.004675 1.004675 0.994227 
4.533683 1.004672 1.006295 1.006295 1.006245 
4.548621 1.005396 1.007722 1.007722 1.005577 
4.563559 1.006134 0.999852 0.999852 1.011066 
4.578497 1.007991 1.004825 1.004825 0.994066 
4.593435 1.010212 1.002455 1.002455 0.999767 
4.608373 1.004623 1.005466 1.005466 0.998692 
4.623311 1.006038 1.004868 1.004868 0.991437 
4.638249 1.010854 1.005286 1.005286 0.991217 
4.653187 1.007197 0.999240 0.999240 0.992806 
4.668125 1.007713 0.997199 0.997199 0.987790 
4.683063 0.999532 0.994749 0.994749 1.006042 
4.698001 0.998586 0.993842 0.993842 1.016037 
4.712939 1.003039 0.994928 0.994928 0.997757 
4.727877 1.006625 0.993953 0.993953 0.996847 
4.742815 1.001669 0.994820 0.994820 1.002105 
4.757753 0.999923 0.994539 0.994539 0.987813 
4.772691 0.996647 0.985652 0.985652 1.006062 
4.787629 0.994972 0.985437 0.985437 0.995704 
4.802567 0.997206 0.994905 0.994905 0.989017 
4.817505 1.001217 0.995425 0.995425 1.004906 
4.832443 0.997870 0.991756 0.991756 1.013159 
4.847381 0.993682 0.993777 0.993777 1.005102 
4.862319 0.992743 0.998909 0.998909 0.998495 
4.877257 0.999456 0.993448 0.993448 0.978537 
4.892195 1.000369 0.992464 0.992464 1.000362 
4.907133 0.995873 0.991748 0.991748 0.991301 
4.922071 0.998089 0.999331 0.999331 0.980037 
4.937009 0.994423 0.995070 0.995070 0.999158 
4.951947 0.992007 1.001294 1.001294 1.012808 
4.966885 0.992248 0.994067 0.994067 1.012449 
4.981823 0.997088 0.997321 0.997321 1.000697 
4.996761 0.996221 1.005190 1.005190 0.996684 
5.011699 0.996941 1.005269 1.005269 0.996359 
5.026637 0.998826 0.999594 0.999594 0.998417 
5.041575 0.994545 1.001884 1.001884 0.999842 
5.056513 0.994384 0.996665 0.996665 1.001336 
5.071451 0.998340 0.997834 0.997834 1.012804 
5.086389 0.994622 0.993512 0.993512 0.991339 
5.101327 0.994454 0.996644 0.996644 1.001878 
5.116265 0.997094 0.996330 0.996330 1.000667 
5.131203 0.997735 1.001306 1.001306 1.003334 
5.146141 0.996047 0.998077 0.998077 1.003200 
5.161079 0.996917 1.001520 1.001520 1.016142 
5.176017 0.997955 1.002123 1.002123 1.028291 
5.190955 0.998904 1.001346 1.001346 1.015422 
5.205893 0.998876 1.002785 1.002785 1.018999 
5.220831 1.000386 1.000469 1.000469 1.008515 
5.235769 1.000075 1.004758 1.004758 1.007108 
5.250707 1.005868 1.002933 1.002933 1.005626 
5.265645 1.007851 1.002603 1.002603 1.004562 
5.280583 1.003877 1.003613 1.003613 0.996572 
5.295521 1.004834 1.002376 1.002376 0.988554 
5.310459 1.004986 0.998851 0.998851 1.008982 
5.325397 1.004027 1.005489 1.005489 1.007533 
5.340335 1.001612 1.003118 1.003118 1.007636 
5.355273 1.003849 1.006662 1.006662 1.019491 
5.370211 1.006648 1.001971 1.001971 1.002990 
5.385149 1.002998 1.005320 1.005320 1.009168 
5.400087 1.004900 0.999937 0.999937 1.006379 
5.415025 1.000921 1.000935 1.000935 1.013972 
5.429963 1.004807 0.999857 0.999857 1.003022 
5.444901 1.006845 1.000959 1.000959 0.998541 
5.459839 1.005527 1.000765 1.000765 0.989442 
5.474777 1.004441 1.004552 1.004552 0.977091 
5.489715 1.003482 0.999222 0.999222 1.003315 
5.504653 1.003446 1.008504 1.008504 1.002957 
5.519591 1.001724 0.999824 0.999824 0.996668 
5.534529 0.998739 0.999108 0.999108 1.003155 
5.549467 0.999483 1.001329 1.001329 1.016856 
5.564405 1.000172 0.996212 0.996212 1.008674 
5.579343 1.004724 1.002695 1.002695 0.999530 
5.594281 0.998529 1.002015 1.002015 0.993861 
5.609219 1.000162 1.002417 1.002417 0.986183 
5.624157 1.001104 1.000494 1.000494 0.984208 
5.639095 1.000546 0.992115 0.992115 0.980207 
5.654033 0.996772 0.997954 0.997954 0.991975 
5.668971 0.999472 0.996893 0.996893 0.996119 
5.683909 0.999995 0.997171 0.997171 0.992216 
5.698847 0.999606 0.994570 0.994570 0.990767 
5.713785 0.999266 0.997287 0.997287 1.000800 
5.728723 0.997127 0.996848 0.996848 1.000596 
5.743661 0.997491 1.000811 1.000811 0.989472 
5.758599 0.996448 0.998058 0.998058 0.988076 
5.773537 0.998434 1.001089 1.001089 0.997450 
5.788475 0.993579 0.995192 0.995192 1.011828 
5.803413 0.998478 0.995360 0.995360 0.990853 
5.818351 0.996254 1.000318 1.000318 0.989701 
5.833289 0.996789 1.001746 1.001746 0.998008 
5.848227 1.000516 0.997717 0.997717 0.996436 
5.863165 0.998996 0.996286 0.996286 0.999111 
5.878103 1.001050 0.999788 0.999788 0.994842 
5.893041 0.997903 0.996307 0.996307 0.997404 
5.907979 0.996729 0.999477 0.999477 0.994787 
5.922917 0.998236 1.001689 1.001689 0.994133 
5.937855 0.999762 1.002343 1.002343 1.021243 
5.952793 0.998791 1.001266 1.001266 0.996852 
5.967731 0.999877 1.004988 1.004988 0.988780 
5.982669 1.000612 1.003323 1.003323 1.006842 
5.997607 0.998143 0.996616 0.996616 0.997135 
6.012545 0.999943 1.000860 1.000860 1.008292 
6.027483 1.001232 1.001844 1.001844 1.015567 
6.042421 1.001301 1.004218 1.004218 1.008015 
6.057359 0.998997 0.998882 0.998882 1.005258 
6.072297 0.999841 0.997144 0.997144 1.000099 
6.087235 1.002118 1.000344 1.000344 1.006598 
6.102173 1.001079 1.004121 1.004121 1.003727 
6.117111 1.003612 1.001252 1.001252 0.998584 
6.132049 1.000395 0.999500 0.999500 1.000097 
6.146987 1.003297 1.005965 1.005965 1.008905 
6.161925 1.002886 1.004692 1.004692 0.996518 
6.176863 0.999838 1.000969 1.000969 1.005085 
6.191801 1.000907 0.997875 0.997875 0.998399 
6.206739 1.000279 1.005746 1.005746 0.997896 
6.221677 1.003087 1.002308 1.002308 1.007013 
6.236615 0.998598 1.001962 1.001962 1.003268 
6.251553 1.002030 0.995009 0.995009 1.002626 
6.266491 1.000334 1.001384 1.001384 1.010261 
6.281429 1.001424 0.999958 0.999958 1.002702 
6.296367 1.002805 0.996993 0.996993 1.000317 
6.311305 1.003933 0.997409 0.997409 0.985649 
6.326243 1.003987 1.003677 1.003677 1.011860 
6.341181 1.000390 0.994326 0.994326 1.006433 
6.356119 1.003713 0.999322 0.999322 1.002227 
6.371057 1.002491 0.998102 0.998102 1.009510 
6.385995 0.999962 1.002998 1.002998 1.005385 
6.400933 1.001739 1.004177 1.004177 1.007708 
6.415871 0.998597 0.999994 0.999994 1.005018 
6.430809 0.998413 0.999229 0.999229 1.002285 
6.445747 1.003563 0.993872 0.993872 0.987862 
6.460685 1.000303 0.998363 0.998363 0.993037 
6.475623 1.000592 1.002026 1.002026 0.994396 
6.490561 1.000392 0.996888 0.996888 1.004716 
6.505499 1.000557 0.998549 0.998549 1.007788 
6.520437 0.997838 0.999632 0.999632 1.006393 
6.535375 1.002708 0.999842 0.999842 0.993207 
6.550313 1.000475 1.000686 1.000686 0.994752 
6.565251 0.998702 0.999615 0.999615 1.004807 
6.580189 1.000459 0.999596 0.999596 1.004667 
6.595127 0.996787 0.998070 0.998070 0.996688 
6.610065 0.994055 0.997348 0.997348 1.009620 
6.625003 0.998622 0.999240 0.999240 0.998210 
6.639941 0.997246 1.003231 1.003231 0.994805 
6.654879 0.997071 1.000602 1.000602 0.995702 
6.669817 1.000420 1.003356 1.003356 0.989140 
6.684755 0.999205 0.996746 0.996746 0.985703 
6.699693 1.000908 0.998748 0.998748 1.001793 
6.714631 1.002985 0.994488 0.994488 0.997649 
6.729569 1.002184 0.998429 0.998429 0.996675 
6.744507 1.003135 0.997016 0.997016 0.991954 
6.759445 0.998310 0.995932 0.995932 1.006581 
6.774383 0.998583 1.000803 1.000803 1.009638 
6.789321 0.998131 0.997824 0.997824 0.996436 
6.804259 0.997933 1.001397 1.001397 1.004809 
6.819197 1.002170 1.001204 1.001204 1.000245 
6.834135 0.997503 0.997336 0.997336 0.988764 
6.849073 0.999230 1.003523 1.003523 0.999187 
6.864011 0.998523 1.002858 1.002858 0.995597 
6.878949 0.999405 1.001367 1.001367 1.004396 
6.893887 1.002593 1.003466 1.003466 0.984631 
6.908825 1.003117 1.004290 1.004290 1.008484 
6.923763 1.001177 1.007761 1.007761 1.005578 
6.938701 0.998540 1.005253 1.005253 1.005541 
6.953639 0.998718 1.001641 1.001641 1.004840 
6.968577 0.996828 1.001473 1.001473 0.994792 
6.983515 1.003943 1.003203 1.003203 0.999623 
6.998453 1.000109 0.999668 0.999668 0.998417 
7.013391 1.000579 1.001936 1.001936 0.998028 
7.028329 1.000938 1.002816 1.002816 0.997390 
7.043267 1.005107 0.996294 0.996294 1.003626 
7.058205 1.004338 1.004578 1.004578 0.995734 
7.073143 1.002212 0.999398 0.999398 1.000649 
7.088081 0.999923 1.001937 1.001937 0.983525 
7.103019 1.003429 1.001013 1.001013 1.004225 
7.117957 0.999400 0.997712 0.997712 0.998415 
7.132895 0.999455 0.999394 0.999394 1.003406 
7.147833 1.000149 0.997871 0.997871 1.004169 
7.162771 1.002377 0.998493 0.998493 0.993902 
7.177709 0.997167 0.998810 0.998810 0.996263 
7.192647 0.998154 0.999062 0.999062 1.001124 
7.207585 1.001748 0.999442 0.999442 1.006639 
7.222523 1.000692 1.001103 1.001103 1.003354 
7.237461 1.002269 1.000475 1.000475 1.009824 
7.252399 1.000894 1.000617 1.000617 1.002081 
7.267337 1.002987 0.997373 0.997373 0.994449 
7.282275 1.000748 0.997582 0.997582 1.002541 
7.297213 0.998959 0.998110 0.998110 0.995158 
7.312151 0.999213 0.997355 0.997355 0.990274 
7.327089 0.997478 0.998402 0.998402 0.999662 
7.342027 0.996525 0.998085 0.998085 1.000569 
7.356965 1.000942 1.001298 1.001298 0.997729 
7.371903 0.998632 0.996524 0.996524 0.990282 
7.386841 0.999771 0.997034 0.997034 0.993355 
7.401779 1.001857 1.004166 1.004166 0.991769 
7.416717 1.001475 0.999692 0.999692 1.008884 
7.431655 0.998904 1.002200 1.002200 0.998838 
7.446593 1.001576 0.999775 0.999775 0.998039 
7.461531 0.998004 1.000295 1.000295 0.998548 
7.476469 0.996122 0.995578 0.995578 0.991021 
7.491407 0.992048 0.988738 0.988738 0.992538 
7.506345 0.984443 0.985006 0.985006 0.977632 
7.521283 0.979169 0.979721 0.979721 0.980474 
7.536221 0.973532 0.977571 0.977571 0.981911 
7.551159 0.967360 0.968773 0.968773 0.981257 
7.566097 0.960836 0.963260 0.963260 0.957581 
7.581035 0.955948 0.953823 0.953823 0.953861 
7.595973 0.948283 0.949542 0.949542 0.949230 
7.610911 0.943636 0.946511 0.946511 0.929042 
7.625849 0.939508 0.936627 0.936627 0.938015 
7.640787 0.934701 0.931411 0.931411 0.935511 
7.655725 0.929134 0.929787 0.929787 0.933089 
7.670663 0.921575 0.920798 0.920798 0.922818 
7.685601 0.914547 0.915164 0.915164 0.914306 
7.700539 0.912638 0.907969 0.907969 0.899792 
7.715477 0.905770 0.904432 0.904432 0.910039 
7.730415 0.898067 0.898411 0.898411 0.901906 
7.745353 0.894944 0.893891 0.893891 0.898131 
7.760291 0.887564 0.886604 0.886604 0.897099 
7.775229 0.880883 0.883005 0.883005 0.890706 
7.790167 0.877088 0.877634 0.877634 0.876279 
7.805105 0.871138 0.872453 0.872453 0.873165 
7.820043 0.865015 0.868090 0.868090 0.863624 
7.834981 0.861562 0.857589 0.857589 0.859391 
7.849919 0.855406 0.858546 0.858546 0.857974 
7.864857 0.850061 0.852212 0.852212 0.842638 
7.879795 0.843960 0.843969 0.843969 0.840714 
7.894733 0.838333 0.840057 0.840057 0.836923 
7.909671 0.831215 0.834248 0.834248 0.822730 
7.924609 0.826335 0.826389 0.826389 0.819528 
7.939547 0.822078 0.822664 0.822664 0.816318 
7.954485 0.819264 0.816587 0.816587 0.812560 
7.969423 0.811138 0.812215 0.812215 0.809072 
7.984361 0.807351 0.806203 0.806203 0.806019 
7.999299 0.803723 0.802537 0.802537 0.806296 
8.014237 0.796856 0.796206 0.796206 0.792332 
8.029175 0.788492 0.787836 0.787836 0.788834 
8.044113 0.784020 0.786207 0.786207 0.783738 
8.059051 0.778392 0.777327 0.777327 0.774459 
8.073989 0.774255 0.774837 0.774837 0.766465 
8.088927 0.769270 0.765933 0.765933 0.769594 
8.103865 0.766331 0.760742 0.760742 0.759784 
8.118803 0.761240 0.758535 0.758535 0.759168 
8.133741 0.755534 0.751771 0.751771 0.764951 
8.148679 0.749417 0.747623 0.747623 0.751101 
8.163617 0.745045 0.744390 0.744390 0.750018 
8.178555 0.741980 0.741028 0.741028 0.739983 
8.193493 0.735633 0.734294 0.734294 0.736701 
8.208431 0.731146 0.729640 0.729640 0.731560 
8.223369 0.724874 0.723293 0.723293 0.720214 
8.238307 0.719398 0.717376 0.717376 0.719123 
8.253245 0.714713 0.713434 0.713434 0.713203 
8.268183 0.708171 0.712808 0.712808 0.711362 
8.283121 0.704964 0.701996 0.701996 0.712307 
8.298059 0.700567 0.700854 0.700854 0.711892 
8.312997 0.694725 0.694385 0.694385 0.695103 
8.327935 0.692164 0.691451 0.691451 0.689285 
8.342873 0.685846 0.688235 0.688235 0.696254 
8.357811 0.680787 0.684950 0.684950 0.688183 
8.372749 0.675783 0.678674 0.678674 0.681348 
8.387687 0.671456 0.673942 0.673942 0.679505 
8.402625 0.667194 0.668957 0.668957 0.677517 
8.417563 0.662311 0.661946 0.661946 0.665307 
8.432501 0.655873 0.657145 0.657145 0.655503 
8.447439 0.652429 0.653376 0.653376 0.643917 
8.462377 0.649296 0.648891 0.648891 0.641928 
8.477315 0.643486 0.644816 0.644816 0.643839 
8.492253 0.638240 0.638343 0.638343 0.646465 
8.507191 0.634254 0.633173 0.633173 0.635199 
8.522129 0.629675 0.630533 0.630533 0.628081 
8.537067 0.626928 0.623338 0.623338 0.623606 
8.552005 0.621382 0.621107 0.621107 0.624144 
8.566943 0.615414 0.615838 0.615838 0.615179 
8.581881 0.612841 0.608031 0.608031 0.610062 
8.596819 0.606865 0.608476 0.608476 0.605860 
8.611757 0.603939 0.603365 0.603365 0.604876 
8.626695 0.596437 0.599725 0.599725 0.595792 
8.641633 0.594292 0.594091 0.594091 0.594648 
8.656571 0.588152 0.585197 0.585197 0.594304 
8.671509 0.584035 0.584729 0.584729 0.588895 
8.686447 0.577881 0.579815 0.579815 0.582706 
8.701385 0.574009 0.572552 0.572552 0.577551 
8.716323 0.572473 0.569490 0.569490 0.575131 
8.731261 0.567286 0.564053 0.564053 0.572048 
8.746199 0.561864 0.563337 0.563337 0.558665 
8.761137 0.556355 0.555166 0.555166 0.554077 
8.776075 0.552544 0.551288 0.551288 0.554242 
8.791013 0.549615 0.548820 0.548820 0.553328 
8.805951 0.544884 0.543897 0.543897 0.544278 
8.820889 0.539281 0.540573 0.540573 0.541003 
8.835827 0.536892 0.534701 0.534701 0.534253 
8.850765 0.532646 0.529447 0.529447 0.532042 
8.865703 0.526362 0.526340 0.526340 0.526800 
8.880641 0.522010 0.525373 0.525373 0.520347 
8.895579 0.519418 0.519129 0.519129 0.518883 
8.910517 0.514111 0.513970 0.513970 0.512519 
8.925455 0.510632 0.509706 0.509706 0.508074 
8.940393 0.507527 0.507319 0.507319 0.504744 
8.955331 0.501757 0.502664 0.502664 0.504516 
8.970269 0.499220 0.498602 0.498602 0.496899 
8.985207 0.494128 0.495171 0.495171 0.493367 
9.000145 0.489761 0.491824 0.491824 0.492888 
9.015083 0.486302 0.486692 0.486692 0.483981 
9.030021 0.481047 0.481568 0.481568 0.487262 
9.044959 0.474896 0.476628 0.476628 0.477716 
9.059897 0.473257 0.472768 0.472768 0.471618 
9.074835 0.469371 0.469168 0.469168 0.465229 
9.089773 0.464145 0.466994 0.466994 0.465524 
9.104711 0.460098 0.460324 0.460324 0.458914 
9.119649 0.456032 0.456816 0.456816 0.459819 
9.134587 0.452875 0.454249 0.454249 0.452478 
9.149525 0.448692 0.447918 0.447918 0.449479 
9.164463 0.446685 0.444744 0.444744 0.445645 
9.179401 0.442584 0.440636 0.440636 0.442259 
9.194339 0.438371 0.435412 0.435412 0.441617 
9.209277 0.433299 0.434831 0.434831 0.431874 
9.224215 0.428910 0.428542 0.428542 0.433605 
9.239153 0.424636 0.423005 0.423005 0.422427 
9.254091 0.423941 0.423232 0.423232 0.420808 
9.269029 0.417610 0.417754 0.417754 0.412770 
9.283967 0.412664 0.414671 0.414671 0.413229 
9.298905 0.409216 0.408909 0.408909 0.403415 
9.313843 0.406381 0.406263 0.406263 0.411223 
9.328781 0.401222 0.400885 0.400885 0.407419 
9.343719 0.398186 0.397404 0.397404 0.398614 
9.358657 0.394334 0.394091 0.394091 0.389823 
9.373595 0.390676 0.390479 0.390479 0.390991 
9.388533 0.387603 0.385867 0.385867 0.389198 
9.403471 0.383111 0.382236 0.382236 0.375029 
9.418409 0.379255 0.379384 0.379384 0.376383 
9.433347 0.376795 0.376027 0.376027 0.376572 
9.448285 0.372603 0.371246 0.371246 0.375536 
9.463223 0.368661 0.368098 0.368098 0.368860 
9.478161 0.364526 0.364012 0.364012 0.367699 
9.493099 0.360895 0.360702 0.360702 0.350420 
9.508037 0.355892 0.356907 0.356907 0.353958 
9.522975 0.352575 0.355229 0.355229 0.352618 
9.537913 0.349166 0.348634 0.348634 0.348636 
9.552851 0.344807 0.347685 0.347685 0.347524 
9.567789 0.341508 0.341156 0.341156 0.337956 
9.582727 0.337547 0.339508 0.339508 0.335954 
9.597665 0.334308 0.334042 0.334042 0.330766 
9.612603 0.332129 0.331107 0.331107 0.335084 
9.627541 0.327954 0.325992 0.325992 0.329029 
9.642479 0.324609 0.323601 0.323601 0.325047 
9.657417 0.321026 0.319372 0.319372 0.325701 
9.672355 0.316237 0.318842 0.318842 0.319652 
9.687293 0.312354 0.313350 0.313350 0.310761 
9.702231 0.308143 0.308878 0.308878 0.305840 
9.717169 0.304597 0.305202 0.305202 0.305420 
9.732107 0.301250 0.302944 0.302944 0.305444 
9.747045 0.299407 0.299197 0.299197 0.300493 
9.761983 0.295795 0.295724 0.295724 0.290221 
9.776921 0.291857 0.294096 0.294096 0.294052 
9.791859 0.288895 0.286414 0.286414 0.290409 
9.806797 0.285298 0.282915 0.282915 0.283748 
9.821735 0.281028 0.282873 0.282873 0.282327 
9.836673 0.278191 0.277758 0.277758 0.277098 
9.851611 0.274837 0.276494 0.276494 0.271720 
9.866549 0.271711 0.271635 0.271635 0.270310 
9.881487 0.268261 0.266976 0.266976 0.266542 
9.896425 0.264299 0.262167 0.262167 0.264655 
9.911363 0.260960 0.259538 0.259538 0.260460 
9.926301 0.259209 0.257030 0.257030 0.261932 
9.941239 0.253337 0.254711 0.254711 0.255528 
9.956177 0.249232 0.250644 0.250644 0.252690 
9.971115 0.247303 0.246979 0.246979 0.244301 
9.986053 0.244193 0.243421 0.243421 0.240827 
10.000991 0.240781 0.240880 0.240880 0.239367 
10.015929 0.237007 0.237445 0.237445 0.233915 
10.030867 0.234288 0.233082 0.233082 0.233009 
10.045805 0.230889 0.230577 0.230577 0.230297 
10.060743 0.226479 0.226832 0.226832 0.228725 
10.075681 0.222776 0.223565 0.223565 0.227110 
10.090619 0.220979 0.220766 0.220766 0.222382 
10.105556 0.216821 0.218423 0.218423 0.217948 
10.120495 0.213462 0.215012 0.215012 0.212807 
10.135433 0.210023 0.211255 0.211255 0.207968 
10.150371 0.207656 0.207307 0.207307 0.205535 
10.165309 0.204240 0.204395 0.204395 0.203845 
10.180247 0.200762 0.201233 0.201233 0.201026 
10.195185 0.197916 0.196622 0.196622 0.196171 
10.210123 0.194502 0.195316 0.195316 0.194609 
10.225061 0.191146 0.190468 0.190468 0.191163 
10.239999 0.189462 0.188919 0.188919 0.189589 
10.254937 0.185526 0.184912 0.184912 0.183799 
10.269875 0.181370 0.181376 0.181376 0.182287 
10.284813 0.178104 0.179363 0.179363 0.178464 
10.299751 0.174644 0.174667 0.174667 0.178689 
10.314689 0.172059 0.172636 0.172636 0.175354 
10.329627 0.169563 0.169706 0.169706 0.172439 
10.344565 0.166841 0.166646 0.166646 0.166846 
10.359503 0.163135 0.163057 0.163057 0.164144 
10.374441 0.160534 0.159639 0.159639 0.159810 
10.389379 0.157020 0.156838 0.156838 0.157110 
10.404317 0.153709 0.154021 0.154021 0.153986 
10.419255 0.150539 0.150883 0.150883 0.150345 
10.434193 0.147515 0.147718 0.147718 0.149353 
10.449131 0.145051 0.144232 0.144232 0.144389 
10.464069 0.141961 0.141801 0.141801 0.139028 
10.479007 0.138529 0.138575 0.138575 0.135461 
10.493945 0.135555 0.135017 0.135017 0.132898 
10.508883 0.132511 0.132786 0.132786 0.131883 
10.523821 0.128918 0.128955 0.128955 0.126920 
10.538759 0.126406 0.125100 0.125100 0.125277 
10.553697 0.123736 0.123162 0.123162 0.122108 
10.568635 0.120434 0.120249 0.120249 0.119048 
10.583573 0.117404 0.118149 0.118149 0.121035 
10.598511 0.115538 0.113930 0.113930 0.116348 
10.613449 0.112719 0.112040 0.112040 0.114004 
10.628386 0.109955 0.109494 0.109494 0.111545 
10.643325 0.106508 0.106155 0.106155 0.107217 
10.658263 0.105442 0.104273 0.104273 0.104406 
10.673201 0.103116 0.103689 0.103689 0.103955 
10.688139 0.100845 0.100588 0.100588 0.101233 
10.703077 0.099195 0.098882 0.098882 0.099714 
10.718015 0.096495 0.096461 0.096461 0.096347 
10.732953 0.094798 0.094447 0.094447 0.095743 
10.747890 0.092684 0.093059 0.093059 0.092876 
10.762829 0.090781 0.091236 0.091236 0.091559 
10.777767 0.088893 0.089610 0.089610 0.090484 
10.792705 0.087560 0.087658 0.087658 0.087386 
10.807643 0.085272 0.085439 0.085439 0.087591 
10.822581 0.083370 0.083671 0.083671 0.085259 
10.837519 0.081947 0.082006 0.082006 0.080348 
10.852457 0.079626 0.080722 0.080722 0.080510 
10.867395 0.078335 0.078757 0.078757 0.080098 
10.882333 0.076940 0.077143 0.077143 0.076726 
10.897271 0.075406 0.075585 0.075585 0.075117 
10.912209 0.074268 0.074013 0.074013 0.073031 
10.927147 0.072131 0.071958 0.071958 0.071406 
10.942085 0.070590 0.070511 0.070511 0.071602 
10.957023 0.069527 0.068926 0.068926 0.070660 
10.971961 0.068219 0.067835 0.067835 0.067449 
10.986899 0.066260 0.066117 0.066117 0.066954 
11.001837 0.065367 0.065108 0.065108 0.065697 
11.016775 0.063705 0.063713 0.063713 0.063920 
11.031713 0.062749 0.063043 0.063043 0.060833 
11.046651 0.061039 0.061596 0.061596 0.062366 
11.061589 0.059855 0.059837 0.059837 0.058834 
11.076527 0.058070 0.058103 0.058103 0.058219 
11.091465 0.057130 0.056909 0.056909 0.057959 
11.106403 0.055724 0.056031 0.056031 0.054119 
11.121341 0.055006 0.054671 0.054671 0.055973 
11.136279 0.053531 0.053794 0.053794 0.052830 
11.151217 0.052475 0.052665 0.052665 0.054184 
11.166155 0.050813 0.051076 0.051076 0.050697 
11.181093 0.049745 0.049445 0.049445 0.049194 
11.196031 0.049230 0.048981 0.048981 0.047703 
11.210969 0.047562 0.047977 0.047977 0.047889 
11.225907 0.046509 0.047112 0.047112 0.047379 
11.240845 0.045796 0.045685 0.045685 0.044529 
11.255783 0.044469 0.044905 0.044905 0.043930 
11.270720 0.043855 0.043875 0.043875 0.042207 
11.285659 0.042428 0.042255 0.042255 0.042540 
11.300597 0.041362 0.041512 0.041512 0.039358 
11.315535 0.040381 0.040246 0.040246 0.039505 
11.330473 0.039879 0.039724 0.039724 0.039446 
11.345411 0.038816 0.038816 0.038816 0.039488 
11.360349 0.038098 0.037505 0.037505 0.037615 
11.375287 0.036841 0.036989 0.036989 0.037027 
11.390224 0.036024 0.035805 0.035805 0.035580 
11.405163 0.034976 0.034976 0.034976 0.034980 
11.420101 0.034380 0.033927 0.033927 0.033426 
11.435039 0.033507 0.033498 0.033498 0.034461 
11.449977 0.032747 0.032772 0.032772 0.033382 
11.464915 0.031741 0.032233 0.032233 0.032514 
11.479853 0.031189 0.031316 0.031316 0.030407 
11.494791 0.030421 0.030257 0.030257 0.030459 
11.509729 0.029705 0.029730 0.029730 0.029456 
11.524667 0.028818 0.028937 0.028937 0.028837 
11.539605 0.028294 0.027690 0.027690 0.028573 
11.554543 0.027641 0.027345 0.027345 0.028671 
11.569481 0.026797 0.026485 0.026485 0.026971 
11.584419 0.026068 0.026066 0.026066 0.026610 
11.599357 0.025067 0.025248 0.025248 0.024673 
11.614295 0.024380 0.024126 0.024126 0.025545 
11.629233 0.023752 0.023674 0.023674 0.024660 
11.644171 0.022924 0.023105 0.023105 0.024262 
11.659109 0.022488 0.022611 0.022611 0.022089 
11.674047 0.021849 0.022190 0.022190 0.022694 
11.688985 0.021126 0.021594 0.021594 0.021721 
11.703923 0.020547 0.020746 0.020746 0.019774 
11.718861 0.020266 0.019848 0.019848 0.019883 
11.733799 0.019798 0.019141 0.019141 0.019378 
11.748737 0.018894 0.019006 0.019006 0.018542 
11.763675 0.018279 0.018483 0.018483 0.018385 
11.778613 0.017516 0.017844 0.017844 0.018665 
11.793550 0.017365 0.017235 0.017235 0.017135 
11.808489 0.016813 0.016714 0.016714 0.016403 
11.823427 0.016606 0.016507 0.016507 0.016445 
11.838365 0.015767 0.016115 0.016115 0.015601 
11.853303 0.015379 0.015177 0.015177 0.014994 
11.868241 0.015069 0.014693 0.014693 0.014472 
11.883179 0.014344 0.014523 0.014523 0.014082 
11.898117 0.014126 0.013789 0.013789 0.014032 
11.913054 0.013413 0.013660 0.013660 0.013245 
11.927993 0.013162 0.012762 0.012762 0.013643 
11.942931 0.012727 0.012506 0.012506 0.012490 
11.957869 0.012301 0.012343 0.012343 0.012409 
11.972807 0.011809 0.012045 0.012045 0.011418 
11.987745 0.011252 0.011492 0.011492 0.011358 
12.002683 0.010968 0.010784 0.010784 0.011835 
12.017621 0.010517 0.010595 0.010595 0.010027 
12.032558 0.010123 0.010369 0.010369 0.010753 
12.047497 0.009905 0.009774 0.009774 0.010399 
12.062435 0.009368 0.009292 0.009292 0.009419 
12.077373 0.008945 0.009060 0.009060 0.009665 
12.092311 0.008811 0.008475 0.008475 0.008945 
12.107249 0.008377 0.008376 0.008376 0.008529 
12.122187 0.008200 0.008011 0.008011 0.008286 
12.137125 0.007710 0.007764 0.007764 0.007920 
12.152063 0.007403 0.007588 0.007588 0.008113 
12.167001 0.006998 0.007087 0.007087 0.006951 
12.181939 0.006757 0.006775 0.006775 0.006427 
12.196877 0.006561 0.006270 0.006270 0.005976 
12.211815 0.006281 0.006440 0.006440 0.006396 
12.226753 0.006017 0.005888 0.005888 0.006071 
12.241691 0.005715 0.005859 0.005859 0.005839 
12.256629 0.005499 0.005696 0.005696 0.004977 
12.271567 0.005199 0.005128 0.005128 0.005335 
12.286505 0.004928 0.004829 0.004829 0.005122 
12.301443 0.004619 0.004581 0.004581 0.004727 
12.316381 0.004365 0.004465 0.004465 0.004273 
12.331319 0.004123 0.004062 0.004062 0.004278 
12.346257 0.004004 0.003990 0.003990 0.003979 
12.361195 0.003738 0.003594 0.003594 0.003522 
12.376133 0.003453 0.003649 0.003649 0.003582 
12.391071 0.003424 0.003381 0.003381 0.003770 
12.406009 0.003178 0.003041 0.003041 0.003459 
12.420947 0.002970 0.002979 0.002979 0.002874 
12.435884 0.002809 0.002628 0.002628 0.002844 
12.450823 0.002575 0.002590 0.002590 0.002546 
12.465761 0.002468 0.002523 0.002523 0.002697 
12.480699 0.002353 0.002330 0.002330 0.002214 
12.495637 0.002107 0.002194 0.002194 0.002283 
12.510575 0.002006 0.002076 0.002076 0.001997 
12.525513 0.001827 0.001907 0.001907 0.001564 
12.540451 0.001725 0.001767 0.001767 0.001730 
12.555388 0.001605 0.001593 0.001593 0.001336 
12.570327 0.001431 0.001420 0.001420 0.001582 
12.585265 0.001329 0.001238 0.001238 0.001447 
12.600203 0.001166 0.001147 0.001147 0.001094 
12.615141 0.001043 0.001122 0.001122 0.001084 
12.630079 0.000986 0.001015 0.001015 0.001001 
12.645017 0.000890 0.000903 0.000903 0.000963 
12.659955 0.000813 0.000827 0.000827 0.000686 
12.674892 0.000700 0.000636 0.000636 0.000735 
12.689831 0.000598 0.000583 0.000583 0.000460 
12.704769 0.000545 0.000518 0.000518 0.000488 
12.719707 0.000504 0.000485 0.000485 0.000529 
12.734645 0.000438 0.000470 0.000470 0.000335 
12.749583 0.000358 0.000381 0.000381 0.000263 
12.764521 0.000305 0.000300 0.000300 0.000270 
12.779459 0.000247 0.000257 0.000257 0.000248 
12.794397 0.000215 0.000202 0.000202 0.000247 
12.809335 0.000194 0.000176 0.000176 0.000099 
12.824273 0.000106 0.000147 0.000147 0.000113 
12.839211 0.000107 0.000096 0.000096 0.000105 
12.854149 0.000071 0.000072 0.000072 0.000175 
12.869087 0.000046 0.000038 0.000038 0.000063 
12.884025 0.000033 0.000032 0.000032 0.000105 
12.898963 0.000012 0.000017 0.000017 0.000063 
12.913901 0.000003 0.000008 0.000008 0.000021 
12.928839 0.000001 0.000001 0.000001 0.000000 
12.943777 0.000000 0.000000 0.000000 0.000000 
12.958714 0.000000 0.000000 0.000000 0.000000 
12.973653 0.000000 0.000000 0.000000 0.000000 
12.988591 0.000000 0.000000 0.000000 0.000000 
13.003529 0.000000 0.000000 0.000000 0.000000 
13.018467 0.000000 0.000000 0.000000 0.000000 
13.033405 0.000000 0.000000 0.000000 0.000000 
13.048343 0.000000 0.000000 0.000000 0.000000 
13.063281 0.000000 0.000000 0.000000 0.000000 
13.078218 0.000000 0.000000 0.000000 0.000000 
13.093157 0.000000 0.000000 0.000000 0.000000 
13.108095 0.000000 0.000000 0.000000 0.000000 
13.123033 0.000000 0.000000 0.000000 0.000000 
13.137971 0.000000 0.000000 0.000000 0.000000 
13.152909 0.000000 0.000000 0.000000 0.000000 
13.167847 0.000000 0.000000 0.000000 0.000000 
13.182785 0.000000 0.000000 0.000000 0.000000 
13.197722 0.000000 0.000000 0.000000 0.000000 
13.212661 0.000000 0.000000 0.000000 0.000000 
13.227599 0.000000 0.000000 0.000000 0.000000 
13.242537 0.000000 0.000000 0.000000 0.000000 
13.257475 0.000000 0.000000 0.000000 0.000000 
13.272413 0.000000 0.000000 0.000000 0.000000 
13.287351 0.000000 0.000000 0.000000 0.000000 
13.302289 0.000000 0.000000 0.000000 0.000000 
13.317226 0.000000 0.000000 0.000000 0.000000 
13.332165 0.000000 0.000000 0.000000 0.000000 
13.347103 0.000000 0.000000 0.000000 0.000000 
13.362041 0.000000 0.000000 0.000000 0.000000 
13.376979 0.000000 0.000000 0.000000 0.000000 
13.391917 0.000000 0.000000 0.000000 0.000000 
13.406855 0.000000 0.000000 0.000000 0.000000 
13.421793 0.000000 0.000000 0.000000 0.000000 
13.436731 0.000000 0.000000 0.000000 0.000000 
13.451669 0.000000 0.000000 0.000000 0.000000 
13.466607 0.000000 0.000000 0.000000 0.000000 
13.481544 0.000000 0.000000 0.000000 0.000000 
13.496483 0.000000 0.000000 0.000000 0.000000 
13.511421 0.000000 0.000000 0.000000 0.000000 
13.526359 0.000000 0.000000 0.000000 0.000000 
13.541297 0.000000 0.000000 0.000000 0.000000 
13.556235 0.000000 0.000000 0.000000 0.000000 
13.571173 0.000000 0.000000 0.000000 0.000000 
13.586111 0.000000 0.000000 0.000000 0.000000 
13.601048 0.000000 0.000000 0.000000 0.000000 
13.615987 0.000000 0.000000 0.000000 0.000000 
13.630925 0.000000 0.000000 0.000000 0.000000 
13.645863 0.000000 0.000000 0.000000 0.000000 
13.660801 0.000000 0.000000 0.000000 0.000000 
13.675739 0.000000 0.000000 0.000000 0.000000 
13.690677 0.000000 0.000000 0.000000 0.000000 
13.705615 0.000000 0.000000 0.000000 0.000000 
13.720552 0.000000 0.000000 0.000000 0.000000 
13.735491 0.000000 0.000000 0.000000 0.000000 
13.750429 0.000000 0.000000 0.000000 0.000000 
13.765367 0.000000 0.000000 0.000000 0.000000 
13.780305 0.000000 0.000000 0.000000 0.000000 
13.795243 0.000000 0.000000 0.000000 0.000000 
13.810181 0.000000 0.000000 0.000000 0.000000 
13.825119 0.000000 0.000000 0.000000 0.000000 
13.840056 0.000000 0.000000 0.000000 0.000000 
13.854995 0.000000 0.000000 0.000000 0.000000 
13.869933 0.000000 0.000000 0.000000 0.000000 
13.884871 0.000000 0.000000 0.000000 0.000000 
13.899809 0.000000 0.000000 0.000000 0.000000 
13.914747 0.000000 0.000000 0.000000 0.000000 
13.929685 0.000000 0.000000 0.000000 0.000000 
13.944623 0.000000 0.000000 0.000000 0.000000 
13.959560 0.000000 0.000000 0.000000 0.000000 
13.974499 0.000000 0.000000 0.000000 0.000000 
13.989437 0.000000 0.000000 0.000000 0.000000 
14.004375 0.000000 0.000000 0.000000 0.000000 
14.019313 0.000000 0.000000 0.000000 0.000000 
14.034251 0.000000 0.000000 0.000000 0.000000 
14.049189 0.000000 0.000000 0.000000 0.000000 
14.064127 0.000000 0.000000 0.000000 0.000000 
14.079065 0.000000 0.000000 0.000000 0.000000 
14.094003 0.000000 0.000000 0.000000 0.000000 
14.108941 0.000000 0.000000 0.000000 0.000000 
14.123878 0.000000 0.000000 0.000000 0.000000 
14.138817 0.000000 0.000000 0.000000 0.000000 
14.153755 0.000000 0.000000 0.000000 0.000000 
14.168693 0.000000 0.000000 0.000000 0.000000 
14.183631 0.000000 0.000000 0.000000 0.000000 
14.198569 0.000000 0.000000 0.000000 0.000000 
14.213507 0.000000 0.000000 0.000000 0.000000 
14.228445 0.000000 0.000000 0.000000 0.000000 
14.243382 0.000000 0.000000 0.000000 0.000000 
14.258321 0.000000 0.000000 0.000000 0.000000 
14.273259 0.000000 0.000000 0.000000 0.000000 
14.288197 0.000000 0.000000 0.000000 0.000000 
14.303135 0.000000 0.000000 0.000000 0.000000 
14.318073 0.000000 0.000000 0.000000 0.000000 
14.333011 0.000000 0.000000 0.000000 0.000000 
14.347949 0.000000 0.000000 0.000000 0.000000 
14.362886 0.000000 0.000000 0.000000 0.000000 
14.377825 0.000000 0.000000 0.000000 0.000000 
14.392763 0.000000 0.000000 0.000000 0.000000 
14.407701 0.000000 0.000000 0.000000 0.000000 
14.422639 0.000000 0.000000 0.000000 0.000000 
14.437577 0.000000 0.000000 0.000000 0.000000 
14.452515 0.000000 0.000000 0.000000 0.000000 
14.467453 0.000000 0.000000 0.000000 0.000000 
14.482390 0.000000 0.000000 0.000000 0.000000 
14.497329 0.000000 0.000000 0.000000 0.000000 
14.512267 0.000000 0.000000 0.000000 0.000000 
14.527205 0.000000 0.000000 0.000000 0.000000 
14.542143 0.000000 0.000000 0.000000 0.000000 
14.557081 0.000000 0.000000 0.000000 0.000000 
14.572019 0.000000 0.000000 0.000000 0.000000 
14.586957 0.000000 0.000000 0.000000 0.000000 
14.601894 0.000000 0.000000 0.000000 0.000000 
14.616833 0.000000 0.000000 0.000000 0.000000 
14.631771 0.000000 0.000000 0.000000 0.000000 
14.646708 0.000000 0.000000 0.000000 0.000000 
14.661647 0.000000 0.000000 0.000000 0.000000 
14.676585 0.000000 0.000000 0.000000 0.000000 
14.691523 0.000000 0.000000 0.000000 0.000000 
14.706461 0.000000 0.000000 0.000000 0.000000 
14.721399 0.000000 0.000000 0.000000 0.000000 
14.736337 0.000000 0.000000 0.000000 0.000000 
14.751275 0.000000 0.000000 0.000000 0.000000 
14.766212 0.000000 0.000000 0.000000 0.000000 
14.781151 0.000000 0.000000 0.000000 0.000000 
14.796089 0.000000 0.000000 0.000000 0.000000 
14.811027 0.000000 0.000000 0.000000 0.000000 
14.825965 0.000000 0.000000 0.000000 0.000000 
14.840903 0.000000 0.000000 0.000000 0.000000 
14.855841 0.000000 0.000000 0.000000 0.000000 
14.870779 0.000000 0.000000 0.000000 0.000000 
14.885716 0.000000 0.000000 0.000000 0.000000 
14.900655 0.000000 0.000000 0.000000 0.000000 
14.915593 0.000000 0.000000 0.000000 0.000000 
14.930531 0.000000 0.000000 0.000000 0.000000 
